BlurFace 312 233 102 121
BlurFace_0001 246 226 94 114
BlurFace_0310 271 168 102 120
BlurFace_0339 295 272 102 121
BlurFace_0442 337 236 107 138

David 158 88 43 51
David_0480 145 78 34 38
David_0686 178 92 40 54
David_0574 150 66 50 63
David_0770 131 83 41 52
David_20101 121 77 28 33
David_20367 112 139 29 32
David_20453 195 89 30 35
David_20521 203 79 28 32

Dudek 265 104 144 186
Dudek_0070 128 77 149 188
Dudek_0351 150 91 157 201
Dudek_0648 161 89 138 166
Dudek_0836 305 183 108 152
Dudek_1113 216 164 95 123

Fleetface 273 143 137 184
FleetFace_0046 306 75 103 128
FleetFace_0106 311 118 98 128
FleetFace_0138 315 251 119 150
FleetFace_0203 374 93 91 107
FleetFace_0227 203 194 88 107
FleetFace_0290 230 141 135 164
FleetFace_0337 267 175 172 233
FleetFace_0423 396 147 103 132
FleetFace_0458 273 124 129 132
FleetFace_0499 214 136 157 154

Freeman 189 54 30 36
Freeman_10068 189 55 31 36
Freeman_10084 159 44 38 45
Freeman_10102 79 56 39 54
Freeman_10150 90 54 39 54
Freeman_10182 151 48 40 55
Freeman_10193 179 44 41 55
Freeman_10213 216 59 41 55
Freeman_10235 188 62 41 55
Freeman_30248 92 38 25 33
Freeman_30409 226 9 50 60
Freeman_30457 21 9 46 53
Freeman_40223 96 59 24 31

Girl 57	21 31 45
Girl_0135 56 35 25 39
Girl_0326 35 28 33 34
Girl_0430 50 23 34 44
Girl_0500 51 26 36 43

Mhyang 84 53 62 70
Mhyang_0132 86 57 59 68
Mhyang_0287 96 50 65 72
Mhyang_0345 204 56 63 70
Mhyang_0521 91 62 65 68
Mhyang_1160 86 42 71 88
Mhyang_1203 60 59 70 74
Mhyang_1348 121 36 59 82
Mhyang_1435 174 64 47 69
Mhyang_1490 27 60 50 71



