train/apple/img/apple1.jpg 3 22 124 187 171 344 312 172 167 483 68 193 177
train/apple/img/apple10.jpg 6 139 168 144 138 237 66 143 145 314 143 121 121 119 40 147 119 40 186 132 127 149 337 144 118
train/apple/img/apple11.jpg 7 275 76 147 127 257 193 121 113 368 228 142 136 401 187 98 62 308 300 105 101 83 130 120 118 147 58 113 126
train/apple/img/apple12.jpg 4 67 33 132 138 184 64 121 130 288 89 107 113 271 201 136 65
train/apple/img/apple13.jpg 2 42 159 323 320 347 80 337 339
train/apple/img/apple14.jpg 2 309 208 382 388 55 37 354 375
train/apple/img/apple15.jpg 3 104 286 351 325 406 357 253 270 374 219 178 156
train/apple/img/apple16.jpg 3 227 292 435 415 585 153 386 384 299 66 396 243
train/apple/img/apple17.jpg 10 5 70 131 133 52 194 177 171 106 52 123 153 280 161 151 159 271 31 150 144 389 135 112 137 385 240 144 133 464 58 128 136 557 134 109 145 216 289 123 122
train/apple/img/apple18.jpg 8 89 54 175 172 211 72 178 174 353 108 172 179 274 246 173 171 140 210 163 173 440 17 156 135 524 362 123 67 187 351 124 79
train/apple/img/apple19.jpg 2 116 161 219 189 269 22 205 198
train/apple/img/apple2.jpg 6 199 15 148 129 128 132 157 151 357 149 155 148 485 208 136 148 548 299 144 146 374 270 144 123
train/apple/img/apple20.jpg 6 163 149 144 154 309 118 170 160 202 33 161 149 204 295 74 66 41 237 126 124 11 228 59 90
train/apple/img/apple21.jpg 14 339 85 134 159 478 98 106 128 394 6 135 99 176 90 102 99 10 125 65 119 106 295 126 98 255 229 111 108 374 293 124 100 246 348 139 45 594 353 94 42 707 178 130 135 629 52 139 150 289 13 113 116 68 53 52 93
train/apple/img/apple22.jpg 6 53 239 388 355 464 300 340 334 783 391 324 311 478 116 224 225 210 115 294 260 270 465 285 280
train/apple/img/apple23.jpg 3 586 319 273 260 220 205 269 267 129 57 228 221
train/apple/img/apple24.jpg 19 178 38 77 76 142 88 61 76 221 89 64 66 236 156 72 76 301 182 51 67 267 220 63 65 333 237 62 67 220 281 63 69 190 278 45 62 138 322 59 62 50 233 38 39 25 143 38 47 556 147 40 58 311 319 64 64 148 271 40 37 74 285 38 36 167 244 47 35 334 369 50 41 380 270 48 57
train/apple/img/apple25.jpg 3 311 210 339 334 579 379 140 188 489 524 190 120
train/apple/img/apple26.jpg 5 227 41 155 158 375 62 184 176 328 211 195 167 422 423 171 201 200 455 215 204
train/apple/img/apple27.jpg 6 529 338 285 293 295 314 259 274 663 174 242 207 127 66 185 105 98 246 137 124 208 206 142 122
train/apple/img/apple28.jpg 3 126 254 408 416 575 301 309 301 6 65 118 173
train/apple/img/apple29.jpg 8 89 360 213 227 299 367 186 221 419 160 319 345 633 378 232 252 874 636 115 81 8 258 88 102 152 290 80 83 33 520 92 62
train/apple/img/apple3.jpg 7 252 128 105 106 544 54 73 80 320 309 96 98 419 375 88 94 145 339 89 91 114 232 91 92 9 296 46 82
train/apple/img/apple30.jpg 6 184 44 161 160 98 122 145 151 221 190 152 146 38 259 159 163 200 317 133 113 359 50 88 150
train/apple/img/apple31.jpg 3 547 153 252 277 420 33 231 236 732 291 169 211
train/apple/img/apple32.jpg 2 170 39 177 176 43 139 134 130
train/apple/img/apple33.jpg 3 140 78 188 194 27 164 193 189 252 226 191 191
train/apple/img/apple34.jpg 3 66 179 218 205 256 221 163 174 239 137 114 104
train/apple/img/apple35.jpg 4 292 295 310 315 574 247 264 291 409 122 296 174 750 151 153 112
train/apple/img/apple36.jpg 6 89 73 213 220 235 171 249 249 326 335 257 232 551 351 225 221 434 87 203 237 268 52 140 65
train/apple/img/apple37.jpg 8 423 67 287 226 184 115 218 221 400 358 210 223 584 424 221 244 289 373 181 227 166 533 245 183 103 466 182 160 393 159 145 237
train/apple/img/apple38.jpg 4 169 54 181 178 153 216 197 86 268 7 188 106 326 109 184 194
train/apple/img/apple39.jpg 10 49 196 157 180 186 173 132 160 302 216 83 140 380 198 116 147 459 144 134 166 542 68 175 193 393 360 93 99 327 328 81 98 454 417 75 57 6 280 64 75
train/apple/img/apple4.jpg 4 208 239 116 74 311 310 84 113 376 350 116 110 594 335 70 87
train/apple/img/apple40.jpg 2 392 246 272 278 662 68 321 310
train/apple/img/apple41.jpg 2 87 87 196 220 307 228 198 202
train/apple/img/apple42.jpg 1 158 518 617 531
train/apple/img/apple43.jpg 3 81 49 230 167 287 200 219 218 103 316 197 189
train/apple/img/apple44.jpg 7 365 188 161 159 155 337 146 136 213 502 128 130 469 445 137 153 612 547 129 140 7 427 82 126 800 86 112 121
train/apple/img/apple45.jpg 5 338 284 239 252 381 534 238 201 755 74 241 202 882 516 137 207 9 394 201 286
train/apple/img/apple46.jpg 6 323 109 277 266 317 325 228 222 775 399 177 186 617 269 171 204 578 594 146 155 277 454 193 215
train/apple/img/apple47.jpg 17 7 163 34 61 98 141 51 51 183 141 75 82 215 66 70 82 268 36 81 63 259 148 59 66 317 171 43 45 386 190 71 74 322 284 52 58 197 252 77 84 135 280 77 95 57 252 68 71 133 215 72 64 157 99 55 64 223 318 54 54 333 345 58 39 338 119 83 83
train/apple/img/apple48.jpg 3 23 201 208 195 687 77 214 199 472 234 191 184
train/apple/img/apple49.jpg 5 547 154 281 292 348 273 287 278 592 406 272 274 405 527 252 216 736 526 241 252
train/apple/img/apple5.jpg 8 79 363 243 227 175 168 240 226 392 140 207 213 540 216 211 221 646 85 146 215 301 333 225 228 105 538 243 141 8 548 144 219
train/apple/img/apple50.jpg 10 165 108 166 153 450 195 146 150 624 281 132 104 697 312 154 165 812 275 128 152 348 351 119 129 185 442 125 127 265 248 91 98 468 551 109 118 556 589 112 98
train/apple/img/apple51.jpg 3 310 136 256 258 348 369 277 275 215 335 186 256
train/apple/img/apple52.jpg 11 622 312 169 184 468 358 174 170 479 516 185 191 712 481 139 211 190 409 88 72 120 376 82 82 133 446 83 83 96 119 101 104 113 66 111 78 183 94 83 90 446 310 84 77
train/apple/img/apple53.jpg 1 266 179 445 376
train/apple/img/apple54.jpg 5 18 309 334 330 284 338 216 277 464 366 219 246 741 251 219 231 1049 286 301 277
train/apple/img/apple55.jpg 10 39 80 200 172 216 194 204 211 157 195 90 170 416 79 175 206 478 252 187 198 357 305 213 227 189 362 203 211 147 689 208 172 397 746 169 119 683 654 91 179
train/apple/img/apple56.jpg 18 87 179 118 126 170 244 73 113 244 204 104 119 325 225 112 124 314 335 140 120 254 302 100 94 105 403 118 134 7 414 122 131 31 524 111 121 277 484 141 152 396 416 123 122 476 381 68 128 471 150 77 123 424 60 120 101 45 61 112 61 61 118 115 76 52 288 113 75 207 420 81 119
train/apple/img/apple57.jpg 2 498 340 365 383 217 357 331 374
train/apple/img/apple58.jpg 2 199 166 204 201 91 46 195 191
train/apple/img/apple59.jpg 4 283 302 224 248 48 337 268 271 604 188 175 175 876 29 120 95
train/apple/img/apple6.jpg 8 78 331 298 296 159 201 248 207 413 277 259 253 361 151 192 186 649 69 145 136 641 296 149 238 177 573 204 167 8 485 151 230
train/apple/img/apple60.jpg 4 23 102 478 451 343 418 341 417 608 449 537 480 1064 553 515 512
train/apple/img/apple61.jpg 9 255 86 211 195 516 192 201 187 250 320 218 168 160 474 210 216 8 604 163 161 550 518 97 119 586 598 105 107 631 505 89 110 679 490 94 111
train/apple/img/apple62.jpg 1 51 59 191 187
train/apple/img/apple63.jpg 7 108 47 179 174 65 199 143 149 75 340 165 168 225 255 120 165 252 137 104 141 5 447 113 77 195 434 106 92
train/apple/img/apple7.jpg 4 102 127 271 252 226 264 311 292 462 116 283 301 712 164 189 282
train/apple/img/apple8.jpg 5 45 200 183 192 203 187 155 179 288 81 152 168 121 61 171 168 45 39 164 67
train/apple/img/apple9.jpg 2 448 321 106 117 546 324 95 94